%runfile 'C:/Users/Win/Documents/Python Scripts/reversi/skripte/lernskript_v2.py' --wdir
[(31625, 32375), 454, 41, 505]
[(31504, 32496), 466, 31, 503]
1
Bewertungen:  5275665
[(32305, 31695), 491, 49, 460]
[(31520, 32480), 440, 40, 520]
2
Bewertungen:  10472616
[(32161, 31839), 474, 46, 480]
[(31101, 32899), 444, 35, 521]
3
Bewertungen:  15639704
[(32679, 31321), 496, 44, 460]
[(31300, 32700), 436, 45, 519]
4
Bewertungen:  20787332
[(32946, 31054), 515, 37, 448]
[(31105, 32895), 445, 39, 516]
5
Bewertungen:  25920773
[(32838, 31162), 509, 43, 448]
[(30607, 33393), 418, 32, 550]
6
Bewertungen:  31042952
[(33001, 30999), 529, 46, 425]
[(31091, 32909), 426, 33, 541]
7
Bewertungen:  36156371
[(32950, 31050), 503, 42, 455]
[(30851, 33149), 428, 40, 532]
8
Bewertungen:  41260330
[(32924, 31076), 524, 44, 432]
[(30896, 33104), 439, 32, 529]
9
Bewertungen:  46357806
[(33311, 30689), 513, 34, 453]
[(30537, 33463), 396, 51, 553]
10
Bewertungen:  51450022
[(33223, 30777), 527, 38, 435]
[(30259, 33741), 405, 40, 555]
