%runfile 'C:/Users/Win/Documents/Python Scripts/reversi/skripte/lernskript_v1.py' --wdir
[(31540, 32460), 456, 41, 503]
[(31462, 32538), 431, 47, 522]
2
Bewertungen:  5085215
[(32188, 31812), 483, 53, 464]
[(30438, 33562), 402, 48, 550]
3
Bewertungen:  9730051
[(32618, 31382), 506, 40, 454]
[(30397, 33603), 406, 35, 559]
4
Bewertungen:  13863559
[(32177, 31823), 499, 38, 463]
[(30249, 33751), 390, 54, 556]
5
Bewertungen:  17402689
[(32227, 31773), 475, 48, 477]
[(30710, 33290), 415, 39, 546]
6
Bewertungen:  20359455
[(32309, 31691), 472, 48, 480]
[(30297, 33703), 398, 33, 569]
7
Bewertungen:  22778992
[(32189, 31811), 478, 49, 473]
[(30462, 33538), 403, 39, 558]
8
Bewertungen:  24750628
[(32306, 31694), 486, 38, 476]
[(30401, 33599), 403, 42, 555]
9
Bewertungen:  26355191
[(31984, 32016), 483, 45, 472]
[(30653, 33347), 411, 34, 555]
10
Bewertungen:  27666536
[(32392, 31608), 490, 51, 459]
[(30870, 33130), 427, 41, 532]
10
Bewertungen:  28921926
[(32514, 31486), 496, 31, 473]
[(30767, 33233), 426, 45, 529]
